example1
Parameters: 1
upper limit: 2000.0
example1
Parameters: 1
upper limit: 2000.0
example1
Parameters: 1
upper limit: 2000.0
example1
Parameters: 1
upper limit: 4000.0
0.3632253374915052
0.39345606022375446
0.36891097571757303
example1
Parameters: 1
upper limit: 4000.0
example1
Parameters: 1
upper limit: 4000.0
example1
Parameters: 1
upper limit: 5000.0
example1


0.5177053423996769


0.48725350151299474
0.47651001030186513
0.4611387196469663
0.4969971287036899
0.4611387196469663
0.48725350151299474
0.4611387196469663
0.4762889150077028
0.4783943469400312
0.4762889150077028
example1
0.4695351923670677
0.4627641584587565
0.5049718106589218
0.47527129787656075
0.491881300956764
0.48725350151299474
0.4762889150077028
0.5049718106589218
0.5138309652318854
0.4783943469400312
example1
0.4611387196469663
0.48725350151299474
0.48725350151299474
0.5072525916116629
0.4783943469400312
0.48664302185569636
0.4659348081597093
0.4783943469400312
0.45558070131171574
0.4969971287036899
example1
0.47651001030186513
0.4695351923670677
0.5049718106589218
0.4961126560859583
0.48725350151299474
0.46067603779410415
0.48725350151299474
0.4762889150077028
0.4627641584587565
0.491881300956764
example1
0.48664302185569636
0.487778437294365
0.4627641584587565
0.4659348081597093
0.4961126560859583
0.47651001030186513
0.47527129787656075
0.4762889150077028
0.4762889150077028
0.5049718106589218
example1
0.5138309652318854
0.491881300956764
0.47651001030186513
0.5049718106589218
0.4783943469400312
0.4762889150077028
0.47651001030186513
0.4611387196469663
0.491881300956764
0.5073512355516834
example1
0.5127927161299735
0.5072525916116629
0.5049718106589218
0.46067603779410415
0.5002855767121692
0.4783943469400312
0.5072525916116629
0.5072525916116629
0.491881300956764
0.491881300956764
example1
0.4695351923670677
0.5138309652318854
0.491881300956764
0.48725350151299474
0.5138309652318854
0.5049718106589218
0.5049718106589218
0.4762889150077028
0.4783943469400312
0.47527129787656075
example1
0.5138309652318854
0.48725350151299474
0.4762889150077028
0.4783943469400312
0.5138309652318854
0.5138309652318854
0.491881300956764
0.5049718106589218
0.4627641584587565
0.5049718106589218
example1
0.5138309652318854
0.491881300956764
0.5049718106589218
0.5138309652318854
0.4695351923670677
0.47527129787656075
0.5138309652318854
0.4783943469400312
0.5049718106589218
0.48725350151299474
example1
0.48725350151299474
0.491881300956764
0.491881300956764
0.5138309652318854
0.47527129787656075
0.5049718106589218
0.5138309652318854
0.491881300956764
0.5049718106589218
0.5138309652318854
example1
0.4762889150077028
0.4627641584587565
0.48725350151299474
0.5049718106589218
0.4783943469400312
0.48725350151299474
0.491881300956764
0.5049718106589218
0.491881300956764
0.5138309652318854
example1
0.5138309652318854
0.48725350151299474
0.5138309652318854
0.5049718106589218
0.4695351923670677
0.48725350151299474
0.491881300956764
0.5049718106589218
0.47527129787656075
0.5049718106589218
example1
0.48725350151299474
0.5138309652318854
0.47527129787656075
0.48725350151299474
0.5049718106589218
0.491881300956764
0.4695351923670677
0.5049718106589218
0.5049718106589218
0.4627641584587565
example1
0.5049718106589218
0.48725350151299474
0.5138309652318854
0.5049718106589218
0.5049718106589218
0.48725350151299474
0.5049718106589218
0.491881300956764
0.5138309652318854
0.5138309652318854
example1
0.5049718106589218
0.5138309652318854
0.491881300956764
0.5138309652318854
0.5049718106589218
0.47527129787656075
0.4695351923670677
0.5049718106589218
0.4695351923670677
0.5049718106589218
example1
0.47527129787656075
0.5138309652318854
0.5127927161299735
0.5072525916116629
0.4783943469400312
0.5049718106589218
0.5049718106589218
0.5138309652318854
0.5049718106589218
0.5138309652318854
example1
0.5049718106589218
0.47527129787656075
0.5049718106589218
0.5127927161299735
0.5072525916116629
0.5138309652318854
0.5049718106589218
0.5049718106589218
0.5049718106589218
0.4783943469400312
example1
0.46067603779410415
0.5072525916116629
0.491881300956764
0.491881300956764
0.4783943469400312
0.5072525916116629
0.491881300956764
0.491881300956764
0.5002855767121692
0.5072525916116629
example1
0.48664302185569636
0.48725350151299474
0.5177053423996769
0.5127927161299735
0.491881300956764
0.4969971287036899
0.5002855767121692
0.491881300956764
0.5072525916116629
0.5177053423996769
example1
0.491881300956764
0.5138309652318854
0.4969971287036899
0.5177053423996769
0.48725350151299474
0.5127927161299735
0.5177053423996769
0.5049718106589218
0.5177053423996769
0.4695351923670677
example1
0.5049718106589218
0.4762889150077028
0.491881300956764
0.4627641584587565
0.491881300956764
0.5177053423996769
0.5177053423996769
0.48725350151299474
0.5138309652318854
0.5049718106589218
example1
0.5127927161299735
0.5177053423996769
0.48725350151299474
0.48664302185569636
0.4695351923670677
0.4969971287036899
0.5177053423996769
0.5177053423996769
0.491881300956764
0.5049718106589218
example1
0.5073512355516834
0.48725350151299474
0.47651001030186513
0.48664302185569636
0.48725350151299474
0.47651001030186513
0.491881300956764
0.4783943469400312
0.4659348081597093
0.47651001030186513
example1
0.4659348081597093
0.47651001030186513
0.48725350151299474
0.5073512355516834
0.491881300956764
0.47651001030186513
0.4783943469400312
0.48725350151299474
0.47651001030186513
0.48664302185569636


Parameters: 1
upper limit: 5000.0
0.48725350151299474
0.47651001030186513
0.4611387196469663
0.4969971287036899
0.4611387196469663
0.48725350151299474
0.4611387196469663
0.4762889150077028
0.4783943469400312
0.4762889150077028
example1
Parameters: 2
upper limit: 5000.0
0.4695351923670677
0.4627641584587565
0.5049718106589218
0.47527129787656075
0.491881300956764
0.48725350151299474
0.4762889150077028
0.5049718106589218
0.5138309652318854
0.4783943469400312
example1
Parameters: 3
upper limit: 5000.0
0.4611387196469663
0.48725350151299474
0.48725350151299474
0.5072525916116629
0.4783943469400312
0.48664302185569636
0.4659348081597093
0.4783943469400312
0.45558070131171574
0.4969971287036899
example1
Parameters: 4
upper limit: 5000.0
0.47651001030186513
0.4695351923670677
0.5049718106589218
0.4961126560859583
0.48725350151299474
0.46067603779410415
0.48725350151299474
0.4762889150077028
0.4627641584587565
0.491881300956764
example1
Parameters: 5
upper limit: 5000.0
0.48664302185569636
0.487778437294365
0.4627641584587565
0.4659348081597093
0.4961126560859583
0.47651001030186513
0.47527129787656075
0.4762889150077028
0.4762889150077028
0.5049718106589218
example1
Parameters: 6
upper limit: 5000.0
0.5138309652318854
0.491881300956764
0.47651001030186513
0.5049718106589218
0.4783943469400312
0.4762889150077028
0.47651001030186513
0.4611387196469663
0.491881300956764
0.5073512355516834
example1
Parameters: 7
upper limit: 5000.0
0.5127927161299735
0.5072525916116629
0.5049718106589218
0.46067603779410415
0.5002855767121692
0.4783943469400312
0.5072525916116629
0.5072525916116629
0.491881300956764
0.491881300956764
example1
Parameters: 8
upper limit: 5000.0
0.4695351923670677
0.5138309652318854
0.491881300956764
0.48725350151299474
0.5138309652318854
0.5049718106589218
0.5049718106589218
0.4762889150077028
0.4783943469400312
0.47527129787656075
example1
Parameters: 9
upper limit: 5000.0
0.5138309652318854
0.48725350151299474
0.4762889150077028
0.4783943469400312
0.5138309652318854
0.5138309652318854
0.491881300956764
0.5049718106589218
0.4627641584587565
0.5049718106589218
example1
Parameters: 10
upper limit: 5000.0
0.5138309652318854
0.491881300956764
0.5049718106589218
0.5138309652318854
0.4695351923670677
0.47527129787656075
0.5138309652318854
0.4783943469400312
0.5049718106589218
0.48725350151299474
example1
Parameters: 11
upper limit: 5000.0
0.48725350151299474
0.491881300956764
0.491881300956764
0.5138309652318854
0.47527129787656075
0.5049718106589218
0.5138309652318854
0.491881300956764
0.5049718106589218
0.5138309652318854
example1
Parameters: 12
upper limit: 5000.0
0.4762889150077028
0.4627641584587565
0.48725350151299474
0.5049718106589218
0.4783943469400312
0.48725350151299474
0.491881300956764
0.5049718106589218
0.491881300956764
0.5138309652318854
example1
Parameters: 13
upper limit: 5000.0
0.5138309652318854
0.48725350151299474
0.5138309652318854
0.5049718106589218
0.4695351923670677
0.48725350151299474
0.491881300956764
0.5049718106589218
0.47527129787656075
0.5049718106589218
example1
Parameters: 14
upper limit: 5000.0
0.48725350151299474
0.5138309652318854
0.47527129787656075
0.48725350151299474
0.5049718106589218
0.491881300956764
0.4695351923670677
0.5049718106589218
0.5049718106589218
0.4627641584587565
example1
Parameters: 15
upper limit: 5000.0
0.5049718106589218
0.48725350151299474
0.5138309652318854
0.5049718106589218
0.5049718106589218
0.48725350151299474
0.5049718106589218
0.491881300956764
0.5138309652318854
0.5138309652318854
example1
Parameters: 16
upper limit: 5000.0
0.5049718106589218
0.5138309652318854
0.491881300956764
0.5138309652318854
0.5049718106589218
0.47527129787656075
0.4695351923670677
0.5049718106589218
0.4695351923670677
0.5049718106589218
example1
Parameters: 17
upper limit: 5000.0
0.47527129787656075
0.5138309652318854
0.5127927161299735
0.5072525916116629
0.4783943469400312
0.5049718106589218
0.5049718106589218
0.5138309652318854
0.5049718106589218
0.5138309652318854
example1
Parameters: 18
upper limit: 5000.0
0.5049718106589218
0.47527129787656075
0.5049718106589218
0.5127927161299735
0.5072525916116629
0.5138309652318854
0.5049718106589218
0.5049718106589218
0.5049718106589218
0.4783943469400312
example1
Parameters: 19
upper limit: 5000.0
0.46067603779410415
0.5072525916116629
0.491881300956764
0.491881300956764
0.4783943469400312
0.5072525916116629
0.491881300956764
0.491881300956764
0.5002855767121692
0.5072525916116629
example1
Parameters: 20
upper limit: 5000.0
0.48664302185569636
0.48725350151299474
0.5177053423996769
0.5127927161299735
0.491881300956764
0.4969971287036899
0.5002855767121692
0.491881300956764
0.5072525916116629
0.5177053423996769
example1
Parameters: 21
upper limit: 5000.0
0.491881300956764
0.5138309652318854
0.4969971287036899
0.5177053423996769
0.48725350151299474
0.5127927161299735
0.5177053423996769
0.5049718106589218
0.5177053423996769
0.4695351923670677
example1
Parameters: 22
upper limit: 5000.0
0.5049718106589218
0.4762889150077028
0.491881300956764
0.4627641584587565
0.491881300956764
0.5177053423996769
0.5177053423996769
0.48725350151299474
0.5138309652318854
0.5049718106589218
example1
Parameters: 23
upper limit: 5000.0
0.5127927161299735
0.5177053423996769
0.48725350151299474
0.48664302185569636
0.4695351923670677
0.4969971287036899
0.5177053423996769
0.5177053423996769
0.491881300956764
0.5049718106589218
example1
Parameters: 24
upper limit: 5000.0
0.5073512355516834
0.48725350151299474
0.47651001030186513
0.48664302185569636
0.48725350151299474
0.47651001030186513
0.491881300956764
0.4783943469400312
0.4659348081597093
0.47651001030186513
example1
Parameters: 25
upper limit: 5000.0
0.4659348081597093
0.47651001030186513
0.48725350151299474
0.5073512355516834
0.491881300956764
0.47651001030186513
0.4783943469400312
0.48725350151299474
0.47651001030186513
0.48664302185569636
