example1
Parameters: 1
4404:  [25, 45, 33 ]
example1
Parameters: 1
2637:  [19, 14, 25 ]
2436:  [13, 31, 14 ]
2379:  [17, 20, 16 ]
2325:  [16, 17, 19 ]
2219:  [14, 23, 14 ]
GA:
2219:  [14, 23, 14 ]
Parameters: 2
2515:  [13, 30, 17 ]
2483:  [13, 28, 18 ]
2464:  [19, 21, 14 ]
2387:  [13, 22, 21 ]
2356:  [19, 19, 13 ]
2291:  [15, 20, 17 ]
GA:
2291:  [15, 20, 17 ]
Parameters: 3
2868:  [18, 30, 18 ]
2707:  [16, 29, 18 ]
2684:  [18, 28, 15 ]
2284:  [18, 22, 10 ]
2264:  [13, 25, 15 ]
2249:  [16, 17, 17 ]
2228:  [14, 20, 17 ]
GA:
2228:  [14, 20, 17 ]
Parameters: 4
2469:  [22, 19, 11 ]
2381:  [20, 19, 12 ]
2343:  [20, 19, 11 ]
2308:  [20, 18, 11 ]
2270:  [20, 18, 10 ]
2261:  [18, 17, 14 ]
2214:  [16, 16, 17 ]
GA:
2214:  [16, 16, 17 ]
Parameters: 5
2631:  [14, 25, 23 ]
2595:  [24, 19, 11 ]
2543:  [17, 16, 24 ]
2525:  [24, 17, 11 ]
2339:  [19, 12, 19 ]
2305:  [20, 19, 10 ]
2220:  [18, 18, 12 ]
GA:
2220:  [18, 18, 12 ]
Parameters: 6
2719:  [12, 17, 36 ]
2497:  [23, 18, 11 ]
2267:  [18, 15, 16 ]
2253:  [15, 20, 16 ]
2224:  [17, 21, 11 ]
2204:  [17, 15, 16 ]
2203:  [15, 24, 11 ]
GA:
2203:  [15, 24, 11 ]
Parameters: 7
2737:  [11, 28, 28 ]
2454:  [18, 16, 20 ]
2252:  [16, 16, 18 ]
2201:  [17, 16, 15 ]
2195:  [17, 18, 13 ]
2154:  [17, 19, 11 ]
GA:
2154:  [17, 19, 11 ]
Parameters: 8
2211:  [16, 17, 16 ]
GA:
2211:  [16, 17, 16 ]
Parameters: 9
2631:  [19, 16, 23 ]
2270:  [20, 18, 10 ]
2231:  [16, 23, 11 ]
2209:  [15, 22, 13 ]
GA:
2209:  [15, 22, 13 ]
Parameters: 10
2240:  [14, 16, 21 ]
2210:  [14, 26, 11 ]
2164:  [16, 20, 12 ]
GA:
2164:  [16, 20, 12 ]
Parameters: 11
2793:  [16, 13, 35 ]
2385:  [19, 22, 11 ]
2321:  [19, 18, 13 ]
2245:  [19, 18, 11 ]
2210:  [19, 17, 11 ]
GA:
2210:  [19, 17, 11 ]
Parameters: 12
2385:  [15, 14, 25 ]
2381:  [20, 19, 12 ]
2343:  [20, 19, 11 ]
2280:  [19, 19, 11 ]
2248:  [19, 17, 12 ]
2210:  [19, 17, 11 ]
GA:
3460:  [23, 39, 17 ]
Parameters: 13
4306:  [43, 25, 19 ]
4050:  [31, 23, 34 ]
4012:  [31, 23, 33 ]
3890:  [28, 26, 32 ]
3627:  [30, 29, 19 ]
3580:  [21, 33, 29 ]
3529:  [29, 28, 19 ]
3519:  [25, 36, 18 ]
3484:  [25, 35, 18 ]
3468:  [29, 23, 22 ]
3425:  [26, 25, 24 ]
GA:
3425:  [26, 25, 24 ]
Parameters: 14
3864:  [23, 31, 35 ]
3815:  [22, 39, 28 ]
3806:  [32, 24, 25 ]
3771:  [32, 23, 25 ]
3736:  [32, 22, 25 ]
3685:  [18, 49, 22 ]
3582:  [26, 36, 18 ]
3547:  [26, 35, 18 ]
3544:  [26, 36, 17 ]
3484:  [23, 31, 25 ]
3483:  [21, 40, 20 ]
3470:  [27, 31, 18 ]


example1
2681
2618
2681
2618
2618
2618
2618
2618
2618
2618
example1
2618
2681
2618
2618
2618
2618
2618
2618
2618
2618
example1
2618
2618
2618
2681
2618
2618
2618
2618
2618
2618
example1
2618
2618
2618
2618
2618
2618
2618
2618
2618
2618
example1
2618
2618
2618
2618
2618
2618
2618
2618
2618
2618
example1
2618
2618
2618
2618
2618
2618
2618
2618
2618
2618
example1
2618
2618
2618
2618
2618
2618
2618
2618
2618
2618
example1
2618
2618
2618
2618
2618
2618
2618
2618
2618
2618
example1
2618
2618
2618
2618
2618
2681
2618
2681
2618
2618
example1
2618
2618
2618
2618
2618
2681
2618
2618
2618
2618
example1
2618
2618
2618
2618
2618
2618
2618
2618
2618
2618
example1
2618
2618
2618
2618
2681
2618
2618
2618
2618
2618
example1
2618
2618
2618
2618
2618
2618
2618
2618
2681
2618
example1
2618
2618
2618
2618
2618
2618
2618
2618
2618
2618
example1
2618
2618
2618
2618
2681
2618
2618
2618
2618
2618
example1
2618
2618
2618
2618
2618
2618
2618
2618
2618
2618
example1
2618
2618
2618
2618
2618
2618
2618
2618
2618
2618
example1
2618
2618
2618
2618
2618
2618
2618
2618
2618
2618
example1
2618
2618
2618
2618
2618
2618
2618
2618
2618
2618
example1
2618
2618
2618
2618
2618
2618
2681
2618
2618
2618
example1
2618
2618
2618
2618
2618
2618
2618
2618
2618
2618
example1
2618
2618
2618
2618
2618
2618
2618
2618
2618
2618
example1
2618
2618
2618
2681
2618
2618
2618
2618
2618
2618
example1
2618
2618
2618
2618
2618
2618
2618
2681
2618
2618
example1
2618
2618
2618
2618
2618
2618
2618
2618
2618
2618



example1
Parameters: 1
2681
2618
2681
2618
2618
2618
2618
2618
2618
2618
example1
Parameters: 2
2618
2681
2618
2618
2618
2618
2618
2618
2618
2618
example1
Parameters: 3
2618
2618
2618
2681
2618
2618
2618
2618
2618
2618
example1
Parameters: 4
2618
2618
2618
2618
2618
2618
2618
2618
2618
2618
example1
Parameters: 5
2618
2618
2618
2618
2618
2618
2618
2618
2618
2618
example1
Parameters: 6
2618
2618
2618
2618
2618
2618
2618
2618
2618
2618
example1
Parameters: 7
2618
2618
2618
2618
2618
2618
2618
2618
2618
2618
example1
Parameters: 8
2618
2618
2618
2618
2618
2618
2618
2618
2618
2618
example1
Parameters: 9
2618
2618
2618
2618
2618
2681
2618
2681
2618
2618
example1
Parameters: 10
2618
2618
2618
2618
2618
2681
2618
2618
2618
2618
example1
Parameters: 11
2618
2618
2618
2618
2618
2618
2618
2618
2618
2618
example1
Parameters: 12
2618
2618
2618
2618
2681
2618
2618
2618
2618
2618
example1
Parameters: 13
2618
2618
2618
2618
2618
2618
2618
2618
2681
2618
example1
Parameters: 14
2618
2618
2618
2618
2618
2618
2618
2618
2618
2618
example1
Parameters: 15
2618
2618
2618
2618
2681
2618
2618
2618
2618
2618
example1
Parameters: 16
2618
2618
2618
2618
2618
2618
2618
2618
2618
2618
example1
Parameters: 17
2618
2618
2618
2618
2618
2618
2618
2618
2618
2618
example1
Parameters: 18
2618
2618
2618
2618
2618
2618
2618
2618
2618
2618
example1
Parameters: 19
2618
2618
2618
2618
2618
2618
2618
2618
2618
2618
example1
Parameters: 20
2618
2618
2618
2618
2618
2618
2681
2618
2618
2618
example1
Parameters: 21
2618
2618
2618
2618
2618
2618
2618
2618
2618
2618
example1
Parameters: 22
2618
2618
2618
2618
2618
2618
2618
2618
2618
2618
example1
Parameters: 23
2618
2618
2618
2681
2618
2618
2618
2618
2618
2618
example1
Parameters: 24
2618
2618
2618
2618
2618
2618
2618
2681
2618
2618
example1
Parameters: 25
2618
2618
2618
2618
2618
2618
2618
2618
2618
2618
