example1
Parameters: 1
6620:  [38, 18, 51, 30 ]
6564:  [38, 18, 50, 30 ]
6384:  [38, 18, 50, 27 ]
6328:  [36, 18, 50, 27 ]
6208:  [36, 18, 50, 25 ]
5956:  [39, 18, 44, 25 ]
5944:  [36, 18, 41, 29 ]
5704:  [36, 18, 41, 25 ]
GA:
5704:  [36, 18, 41, 25 ]
Parameters: 2
6156:  [32, 14, 45, 34 ]
6128:  [31, 14, 45, 34 ]
5972:  [33, 16, 48, 26 ]
5956:  [31, 14, 43, 33 ]
5940:  [48, 8, 46, 27 ]
5754:  [40, 11, 44, 27 ]
5698:  [40, 11, 43, 27 ]
GA:
5698:  [40, 11, 43, 27 ]
Parameters: 3
5634:  [42, 9, 48, 22 ]
GA:
5634:  [42, 9, 48, 22 ]
Parameters: 4
7366:  [33, 17, 57, 40 ]
6974:  [33, 17, 50, 40 ]
6450:  [41, 15, 47, 32 ]
6390:  [41, 15, 47, 31 ]
6278:  [41, 15, 45, 31 ]
6188:  [41, 12, 45, 32 ]
6132:  [41, 12, 44, 32 ]
6072:  [41, 12, 44, 31 ]
5960:  [41, 12, 42, 31 ]
5900:  [41, 12, 42, 30 ]
5840:  [38, 22, 41, 23 ]
5790:  [38, 21, 41, 23 ]
5768:  [39, 20, 41, 23 ]
5718:  [39, 19, 41, 23 ]
5690:  [38, 19, 41, 23 ]
5634:  [36, 19, 41, 23 ]
GA:
5634:  [36, 19, 41, 23 ]
Parameters: 5
7916:  [44, 12, 69, 37 ]
7712:  [50, 20, 67, 26 ]
7590:  [33, 31, 56, 33 ]
7352:  [33, 24, 58, 33 ]
6942:  [28, 21, 58, 31 ]
6882:  [28, 21, 58, 30 ]
6494:  [28, 21, 50, 31 ]
6466:  [27, 21, 50, 31 ]
6406:  [27, 21, 50, 30 ]
6286:  [27, 21, 50, 28 ]
6236:  [27, 20, 50, 28 ]
5890:  [32, 23, 44, 23 ]
GA:
5890:  [32, 23, 44, 23 ]
Parameters: 6
6094:  [31, 9, 51, 32 ]
6038:  [31, 9, 50, 32 ]
5982:  [30, 27, 42, 24 ]
5906:  [31, 15, 53, 22 ]
5812:  [36, 12, 44, 29 ]
5756:  [36, 12, 43, 29 ]
GA:
5756:  [36, 12, 43, 29 ]
Parameters: 7
6098:  [49, 11, 51, 22 ]
6046:  [29, 9, 49, 34 ]
5828:  [39, 20, 41, 24 ]
5794:  [36, 21, 41, 24 ]
5744:  [36, 20, 41, 24 ]
5644:  [36, 18, 41, 24 ]
GA:
5644:  [36, 18, 41, 24 ]
Parameters: 8
7076:  [39, 22, 54, 31 ]
6656:  [47, 22, 50, 24 ]
6602:  [48, 19, 48, 27 ]
6314:  [48, 11, 50, 27 ]
6254:  [48, 11, 50, 26 ]
6154:  [48, 17, 45, 24 ]
6014:  [43, 17, 45, 24 ]
5970:  [43, 15, 46, 24 ]
5804:  [48, 10, 45, 24 ]
5776:  [47, 10, 45, 24 ]
5748:  [46, 10, 45, 24 ]
5720:  [45, 10, 45, 24 ]
5692:  [44, 10, 45, 24 ]
GA:
5692:  [44, 10, 45, 24 ]
Parameters: 9
5968:  [42, 10, 52, 23 ]
5922:  [41, 15, 44, 26 ]
5920:  [36, 20, 42, 26 ]
5870:  [36, 19, 42, 26 ]
5814:  [36, 19, 41, 26 ]
5754:  [36, 19, 41, 25 ]
5704:  [36, 18, 41, 25 ]
5684:  [46, 12, 41, 25 ]
5656:  [45, 12, 41, 25 ]
GA:
5656:  [45, 12, 41, 25 ]
Parameters: 10
6462:  [36, 23, 49, 26 ]
6196:  [38, 20, 47, 25 ]
5986:  [37, 9, 45, 33 ]
5958:  [36, 9, 45, 33 ]
5898:  [36, 9, 45, 32 ]
5842:  [36, 9, 44, 32 ]
GA:
5842:  [36, 9, 44, 32 ]
example1
Parameters: 1
9516:  [48, 30, 72, 44 ]
example1
Parameters: 1





