example1
Parameters: 1
upper limit: 2000.0
0.64
0.6405919661733582
0.6392539857073344
0.6224182793950234
0.6757399577167009
0.64
0.6213449459921135
0.6099044309296245
0.64
0.6363636363636364
example1
Parameters: 2
upper limit: 2000.0
0.6381578947359792
0.6749471458768865
0.6
0.6363636363636364
0.6543339691750929
0.64
0.6
0.6107456140350958
0.6646405914067417
0.644736842105194
example1
Parameters: 3
upper limit: 2000.0
0.6666666666666666
0.6725146069966883
0.6393653516217455
0.6458333333001418
0.64
0.661997884428163
0.6114766081850083
0.6666666666666666
0.6666666666666666
0.6666666666666666
example1
Parameters: 4
upper limit: 2000.0
0.6666666190623199
0.6071679098251551
0.6693824954749018
0.6
0.6370614034948968
0.5948877597905344
0.6393653516633824
0.6646405914067417
0.6666666666666666
0.6495394140505621
example1
Parameters: 5
upper limit: 2000.0
0.6666666666666666
0.6016771483919141
0.6725146069966883
0.6749471458768865
0.6118422655688455
0.6757399577167009
0.6757399577167009
0.64
0.64
0.6085526315789547
example1
Parameters: 6
upper limit: 2000.0
0.6603773578097305
0.6329330475982057
0.6
0.6148647899825689
0.6736111109643945
0.64
0.6736111109643945
0.6725146069966883
0.6513721845037227
0.6509007134772911
example1
Parameters: 7
upper limit: 2000.0
0.6
0.64
0.64
0.6666666666666666
0.64
0.6508985183050977
0.64
0.6570823763202311
0.6573756394214804
0.6598837209197527
example1
Parameters: 8
upper limit: 2000.0
0.6736111109643945
0.64
0.6646405914067417
0.6559176655554729
0.6603773578097305
0.6666666666666666
0.6666666666666666
0.6238738672596418
0.64
0.6260964245423868
example1
Parameters: 9
upper limit: 2000.0
0.6627906966106031
0.6
0.6666666666666666
0.64
0.6
0.64
0.6423669631497383
0.6513721845037227
0.6603773556983373
0.6370614034948968
example1
Parameters: 10
upper limit: 2000.0
0.6646405914067417
0.6603773556983373
0.6363636363636364
0.6509431837520359
0.6
0.6084904064593005
0.6
0.6539451114351578
0.6693824954749018
0.6
example1
Parameters: 11
upper limit: 2000.0
0.6757399577167009
0.6725146069966883
0.6509007134772911
0.6
0.64
0.6749471458768865
0.6458333333001418
0.64
0.64
0.6142131501009719
example1
Parameters: 12
upper limit: 2000.0
0.6
0.6757399577167009
0.6392539857073344
0.6504815938735964
0.6654334038054122
0.6
0.6456131078224101
0.6458333333001418
0.6412677006027477
0.64
example1
Parameters: 13
upper limit: 2000.0
0.64
0.6
0.64
0.6419382504158255
0.6
0.64
0.6749471458768865
0.6072980017363752
0.6449399417373072
0.6543339691750929
example1
Parameters: 14
upper limit: 2000.0
0.6629502460437012
0.6413847780116648
0.64
0.6423677423847954
0.64
0.64
0.6666666666666666
0.6
0.64
0.6260964245423868
example1
Parameters: 15
upper limit: 2000.0
0.64
0.64



0.64
0.6
0.64
0.6363636363636364
0.64
0.64
0.64
0.6
0.64
0.6363636363636364
example1
0.6363636363636364
0.64
0.6
0.6363636363636364
0.6666666666666666
0.64
0.6363636363636364
0.6
0.6666666666666666
0.6
example1
0.64
0.64
0.6363636363636364
0.64
0.6666666666666666
0.6
0.6666666666666666
0.64
0.64
0.6363636363636364
example1
0.64
0.64
0.6666666666666666
0.64
0.64
0.6666666666666666
0.6363636363636364
0.6363636363636364
0.64
0.64
example1
0.6666666666666666
0.6666666666666666
0.6666666666666666
0.6363636363636364
0.64
0.64
0.6363636363636364
0.6
0.64
0.6
example1
0.64
0.6363636363636364
0.6
0.64
0.6666666666666666
0.6363636363636364
0.6666666666666666
0.64
0.6666666666666666
0.6666666666666666
example1
0.6666666666666666
0.6666666666666666
0.64
0.64
0.6666666666666666
0.6666666666666666
0.6363636363636364
0.64
0.64
0.6666666666666666
example1
0.6363636363636364
0.64
0.64
0.6363636363636364
0.64
0.64
0.6666666666666666
0.64
0.6666666666666666
0.6666666666666666
example1
0.64
0.6666666666666666
0.6
0.64
0.6
0.6
0.64
0.64
0.6363636363636364
0.6
example1
0.6363636363636364
0.64
0.6666666666666666
0.64
0.64
0.64
0.6
0.6666666666666666
0.6666666666666666
0.6363636363636364
example1
0.6666666666666666
0.64
0.6363636363636364
0.64
0.6
0.64
0.64
0.64
0.64
0.6666666666666666
example1
0.6666666666666666
0.6666666666666666
0.64
0.64
0.64
0.6
0.6666666666666666
0.6666666666666666
0.6666666666666666
0.64
example1
0.64
0.6666666666666666
0.64
0.64
0.64
0.64
0.6666666666666666
0.64
0.6666666666666666
0.64
example1
0.64
0.64
0.64
0.6666666666666666
0.6363636363636364
0.64
0.64
0.6666666666666666
0.6666666666666666
0.6666666666666666
example1
0.6363636363636364
0.6666666666666666
0.6666666666666666
0.6666666666666666
0.6666666666666666
0.64
0.64
0.64
0.6666666666666666
0.6666666666666666
example1
0.6666666666666666
0.6666666666666666
0.64
0.64
0.6666666666666666
0.64
0.6666666666666666
0.64
0.64
0.64
example1
0.64
0.6666666666666666
0.6666666666666666
0.6363636363636364
0.64
0.64
0.64
0.64
0.64
0.64
example1
0.64
0.64
0.6666666666666666
0.6666666666666666
0.64
0.6666666666666666
0.64
0.6666666666666666
0.64
0.64
example1
0.64
0.64
0.64
0.6666666666666666
0.6363636363636364
0.6666666666666666
0.6666666666666666
0.6666666666666666
0.64
0.64
example1
0.64
0.6666666666666666
0.64
0.6363636363636364
0.64
0.6363636363636364
0.64
0.6
0.6666666666666666
0.64
example1
0.64
0.64
0.64
0.64
0.6666666666666666
0.64
0.6666666666666666
0.64
0.64
0.64
example1
0.6666666666666666
0.64
0.6666666666666666
0.64
0.64
0.64
0.6666666666666666
0.6666666666666666
0.6666666666666666
0.64
example1
0.64
0.64
0.6666666666666666
0.64
0.64
0.64
0.64
0.64
0.64
0.64
example1
0.64
0.64
0.6666666666666666
0.64
0.6363636363636364
0.64
0.64
0.6666666666666666
0.64
0.64
example1
0.64
0.6363636363636364
0.64
0.6666666666666666
0.6666666666666666
0.64
0.64
0.64
0.64
0.64




example1
Parameters: 1
upper limit: 2000.0
0.64
0.6
0.64
0.6363636363636364
0.64
0.64
0.64
0.6
0.64
0.6363636363636364
example1
Parameters: 2
upper limit: 2000.0
0.6363636363636364
0.64
0.6
0.6363636363636364
0.6666666666666666
0.64
0.6363636363636364
0.6
0.6666666666666666
0.6
example1
Parameters: 3
upper limit: 2000.0
0.64
0.64
0.6363636363636364
0.64
0.6666666666666666
0.6
0.6666666666666666
0.64
0.64
0.6363636363636364
example1
Parameters: 4
upper limit: 2000.0
0.64
0.64
0.6666666666666666
0.64
0.64
0.6666666666666666
0.6363636363636364
0.6363636363636364
0.64
0.64
example1
Parameters: 5
upper limit: 2000.0
0.6666666666666666
0.6666666666666666
0.6666666666666666
0.6363636363636364
0.64
0.64
0.6363636363636364
0.6
0.64
0.6
example1
Parameters: 6
upper limit: 2000.0
0.64
0.6363636363636364
0.6
0.64
0.6666666666666666
0.6363636363636364
0.6666666666666666
0.64
0.6666666666666666
0.6666666666666666
example1
Parameters: 7
upper limit: 2000.0
0.6666666666666666
0.6666666666666666
0.64
0.64
0.6666666666666666
0.6666666666666666
0.6363636363636364
0.64
0.64
0.6666666666666666
example1
Parameters: 8
upper limit: 2000.0
0.6363636363636364
0.64
0.64
0.6363636363636364
0.64
0.64
0.6666666666666666
0.64
0.6666666666666666
0.6666666666666666
example1
Parameters: 9
upper limit: 2000.0
0.64
0.6666666666666666
0.6
0.64
0.6
0.6
0.64
0.64
0.6363636363636364
0.6
example1
Parameters: 10
upper limit: 2000.0
0.6363636363636364
0.64
0.6666666666666666
0.64
0.64
0.64
0.6
0.6666666666666666
0.6666666666666666
0.6363636363636364
example1
Parameters: 11
upper limit: 2000.0
0.6666666666666666
0.64
0.6363636363636364
0.64
0.6
0.64
0.64
0.64
0.64
0.6666666666666666
example1
Parameters: 12
upper limit: 2000.0
0.6666666666666666
0.6666666666666666
0.64
0.64
0.64
0.6
0.6666666666666666
0.6666666666666666
0.6666666666666666
0.64
example1
Parameters: 13
upper limit: 2000.0
0.64
0.6666666666666666
0.64
0.64
0.64
0.64
0.6666666666666666
0.64
0.6666666666666666
0.64
example1
Parameters: 14
upper limit: 2000.0
0.64
0.64
0.64
0.6666666666666666
0.6363636363636364
0.64
0.64
0.6666666666666666
0.6666666666666666
0.6666666666666666
example1
Parameters: 15
upper limit: 2000.0
0.6363636363636364
0.6666666666666666
0.6666666666666666
0.6666666666666666
0.6666666666666666
0.64
0.64
0.64
0.6666666666666666
0.6666666666666666
example1
Parameters: 16
upper limit: 2000.0
0.6666666666666666
0.6666666666666666
0.64
0.64
0.6666666666666666
0.64
0.6666666666666666
0.64
0.64
0.64
example1
Parameters: 17
upper limit: 2000.0
0.64
0.6666666666666666
0.6666666666666666
0.6363636363636364
0.64
0.64
0.64
0.64
0.64
0.64
example1
Parameters: 18
upper limit: 2000.0
0.64
0.64
0.6666666666666666
0.6666666666666666
0.64
0.6666666666666666
0.64
0.6666666666666666
0.64
0.64
example1
Parameters: 19
upper limit: 2000.0
0.64
0.64
0.64
0.6666666666666666
0.6363636363636364
0.6666666666666666
0.6666666666666666
0.6666666666666666
0.64
0.64
example1
Parameters: 20
upper limit: 2000.0
0.64
0.6666666666666666
0.64
0.6363636363636364
0.64
0.6363636363636364
0.64
0.6
0.6666666666666666
0.64
example1
Parameters: 21
upper limit: 2000.0
0.64
0.64
0.64
0.64
0.6666666666666666
0.64
0.6666666666666666
0.64
0.64
0.64
example1
Parameters: 22
upper limit: 2000.0
0.6666666666666666
0.64
0.6666666666666666
0.64
0.64
0.64
0.6666666666666666
0.6666666666666666
0.6666666666666666
0.64
example1
Parameters: 23
upper limit: 2000.0
0.64
0.64
0.6666666666666666
0.64
0.64
0.64
0.64
0.64
0.64
0.64
example1
Parameters: 24
upper limit: 2000.0
0.64
0.64
0.6666666666666666
0.64
0.6363636363636364
0.64
0.64
0.6666666666666666
0.64
0.64
example1
Parameters: 25
upper limit: 2000.0
0.64
0.6363636363636364
0.64
0.6666666666666666
0.6666666666666666
0.64
0.64
0.64
0.64
0.64
