example1
Parameters: 1
2914:  [24, 14, 24 ]
2876:  [24, 14, 23 ]
2719:  [23, 20, 15 ]
2681:  [23, 20, 14 ]
2618:  [22, 20, 14 ]
2580:  [22, 20, 13 ]

Parameters: 2
3182:  [22, 22, 27 ]
3063:  [19, 24, 27 ]
2802:  [22, 22, 17 ]
2580:  [22, 20, 13 ]

Parameters: 3
2912:  [25, 23, 14 ]
2723:  [22, 23, 14 ]
2688:  [22, 22, 14 ]
2650:  [22, 22, 13 ]
2580:  [22, 20, 13 ]

example1
Parameters: 4
2909:  [25, 24, 13 ]
2720:  [22, 24, 13 ]
2615:  [22, 21, 13 ]
2580:  [22, 20, 13 ]

Parameters: 5
2770:  [20, 16, 25 ]
2767:  [20, 17, 24 ]
2618:  [22, 20, 14 ]
2580:  [22, 20, 13 ]

Parameters: 6
4101:  [34, 31, 23 ]
3923:  [29, 36, 22 ]
3873:  [34, 31, 17 ]
3581:  [25, 28, 27 ]
3445:  [24, 27, 26 ]
3331:  [24, 27, 23 ]
2719:  [23, 20, 15 ]
2681:  [23, 20, 14 ]
2618:  [22, 20, 14 ]
2580:  [22, 20, 13 ]

Parameters: 7
2879:  [21, 26, 17 ]
2771:  [21, 24, 16 ]
2733:  [21, 24, 15 ]
2726:  [22, 22, 15 ]
2650:  [22, 22, 13 ]
2615:  [22, 21, 13 ]
2580:  [22, 20, 13 ]

Parameters: 8
3211:  [24, 29, 18 ]
3148:  [23, 29, 18 ]
3147:  [24, 25, 20 ]
2944:  [23, 21, 20 ]
2793:  [22, 25, 14 ]
2723:  [22, 23, 14 ]
2688:  [22, 22, 14 ]
2650:  [22, 22, 13 ]
2615:  [22, 21, 13 ]
2580:  [22, 20, 13 ]

Parameters: 9
3087:  [23, 24, 21 ]
3067:  [25, 22, 19 ]
2761:  [22, 23, 15 ]
2723:  [22, 23, 14 ]
2685:  [22, 23, 13 ]
2656:  [22, 20, 15 ]
2580:  [22, 20, 13 ]

Parameters: 10
3180:  [23, 31, 17 ]
3104:  [23, 31, 15 ]
2713:  [23, 22, 13 ]
2580:  [22, 20, 13 ]

Parameters: 11
2795:  [23, 20, 17 ]
2732:  [22, 20, 17 ]
2694:  [22, 20, 16 ]
2656:  [22, 20, 15 ]
2618:  [22, 20, 14 ]
2580:  [22, 20, 13 ]

Parameters: 12
2723:  [22, 23, 14 ]
2691:  [22, 21, 15 ]
2653:  [22, 21, 14 ]
2580:  [22, 20, 13 ]

Parameters: 13
3119:  [25, 30, 13 ]
2846:  [24, 24, 13 ]
2842:  [25, 21, 14 ]
2779:  [24, 21, 14 ]
2741:  [24, 21, 13 ]
2643:  [23, 20, 13 ]
2580:  [22, 20, 13 ]

Parameters: 14
3420:  [16, 32, 34 ]
2837:  [22, 23, 17 ]
2824:  [23, 23, 15 ]
2789:  [23, 22, 15 ]
2719:  [23, 20, 15 ]
2650:  [22, 22, 13 ]
2615:  [22, 21, 13 ]
2580:  [22, 20, 13 ]

Parameters: 15
2894:  [23, 25, 15 ]
2713:  [23, 22, 13 ]
2580:  [22, 20, 13 ]

Parameters: 16
3158:  [22, 30, 19 ]
3105:  [22, 35, 13 ]
2993:  [23, 30, 13 ]
2923:  [23, 28, 13 ]
2713:  [23, 22, 13 ]
2650:  [22, 22, 13 ]
2580:  [22, 20, 13 ]

Parameters: 17
3024:  [24, 28, 14 ]
2898:  [22, 28, 14 ]
2751:  [23, 22, 14 ]
2688:  [22, 22, 14 ]
2650:  [22, 22, 13 ]
2580:  [22, 20, 13 ]

Parameters: 18
2694:  [22, 20, 16 ]
2656:  [22, 20, 15 ]
2580:  [22, 20, 13 ]

Parameters: 19
2691:  [22, 21, 15 ]
2656:  [22, 20, 15 ]
2615:  [22, 21, 13 ]
2580:  [22, 20, 13 ]

Parameters: 20
3766:  [27, 21, 35 ]
3548:  [28, 26, 23 ]
3285:  [26, 21, 24 ]
3170:  [22, 26, 23 ]
2764:  [22, 22, 16 ]
2688:  [22, 22, 14 ]
2685:  [22, 23, 13 ]
2678:  [23, 21, 13 ]
2650:  [22, 22, 13 ]
2615:  [22, 21, 13 ]
2580:  [22, 20, 13 ]

Parameters: 21
2931:  [24, 21, 18 ]
2868:  [23, 21, 18 ]
2805:  [22, 21, 18 ]
2776:  [24, 22, 13 ]
2713:  [23, 22, 13 ]
2650:  [22, 22, 13 ]
2615:  [22, 21, 13 ]

Parameters: 22
3137:  [23, 20, 26 ]
2982:  [23, 21, 21 ]
2868:  [23, 21, 18 ]
2805:  [22, 21, 18 ]
2741:  [24, 21, 13 ]
2706:  [24, 20, 13 ]
2615:  [22, 21, 13 ]
2580:  [22, 20, 13 ]

Parameters: 23
3179:  [22, 23, 26 ]
3111:  [20, 29, 22 ]
3061:  [25, 24, 17 ]
2872:  [22, 24, 17 ]
2814:  [24, 22, 14 ]
2758:  [22, 24, 14 ]
2653:  [22, 21, 14 ]
2643:  [23, 20, 13 ]
2580:  [22, 20, 13 ]

Parameters: 24
3976:  [29, 31, 28 ]
3376:  [23, 29, 24 ]
3220:  [22, 22, 28 ]
3185:  [22, 21, 28 ]
2947:  [25, 24, 14 ]
2726:  [22, 22, 15 ]
2681:  [23, 20, 14 ]
2643:  [23, 20, 13 ]
2580:  [22, 20, 13 ]

Parameters: 25
3596:  [22, 36, 25 ]
2830:  [23, 21, 17 ]
2795:  [23, 20, 17 ]
2744:  [24, 20, 14 ]
2681:  [23, 20, 14 ]
2643:  [23, 20, 13 ]
2580:  [22, 20, 13 ]





example1
Parameters: 1
4224
4224
4224
4224
4224
4224
null
null
4224
example1
Parameters: 2
4224
4224
4224
4224
4224
4224
4224
4224
4224
4224
example1
Parameters: 3
4224
4224
4224
4224
4224
4224
4224
4224
4224
4224
example1
Parameters: 4
4224
4224
4224
4224
4224
4224
4224
4224
4224
4224
example1
Parameters: 5
4224
4224
4224
4224
4224
4224
4224
4224
4224
4224
example1
Parameters: 6
4224
4224
4224
4224
4224
4224
4224
4224
4224
4224
example1
Parameters: 7
4224
4224
4224
4224
4224
4224
4224
4224
4224
4224
example1
Parameters: 8
4224
4224
4224
4224
4224
4224
4224
4224
4224
4224
example1
Parameters: 9
4224
4224
4224
4224
4224
4224
4266
4224
4224
4224
example1
Parameters: 10
4224
4224
4224
4224
4224
4224
4224
4224
4224
4224
example1
Parameters: 11
4224
4224
4224
4224
4224
4224
4224
4224
4224
4224
example1
Parameters: 12
4224
4224
4224
4224
4224
4224
4224
4224
4224
4224
example1
Parameters: 13
4224
4224
4224
4224
4224
4224
4224
4224
4224
4224
example1
Parameters: 14
4224
4224
4224
4224
4224
4224
4224
4224
4224
4224
example1
Parameters: 15
4224
4224
4224
4224
4224
4224
4224
4224
4224
4224
example1
Parameters: 16
4224
4224
4224
4224
4224
4224
4224
4224
4224
4224
example1
Parameters: 17
4224
4224
4224
4224
4224
4224
4224
4224
