


example1
0.8299617998948318
0.8178045247875448
0.8705661070319025
0.8178045247875448
0.8567347611817618
0.8299617998948318
0.8441853159097237
0.8431372549019608
0.8441853159097237
0.8567347611817618
example1
0.8299617998948318
0.8441853159097237
0.8567347611817618
0.8299617998948318
0.8178045247875448
0.8567347611817618
0.8441853159097237
0.8529411764705882
0.8333333333333334
0.8299617998948318
example1
0.8567347611817618
0.8299617998948318
0.8299617998948318
0.8441853159097237
0.8705661070319025
0.8441853159097237
0.8705661070319025
0.8627450980392157
0.8529411764705882
0.8529411764705882
example1
0.8567347611817618
0.8441853159097237
0.8627450980392157
0.8567347611817618
0.8567347611817618
0.8567347611817618
0.8299617998948318
0.8567347611817618
0.8529411764705882
0.8567347611817618
example1
0.8431372549019608
0.8705661070319025
0.8441853159097237
0.8441853159097237
0.8627450980392157
0.8705661070319025
0.8299617998948318
0.8299617998948318
0.8299617998948318
0.8705661070319025
example1
0.8567347611817618
0.8567347611817618
0.8567347611817618
0.8567347611817618
0.8299617998948318
0.8835077224686919
0.8299617998948318
0.8441853159097237
0.8441853159097237
0.8705661070319025
example1
0.8567347611817618
0.8441853159097237
0.8441853159097237
0.8705661070319025
0.8567347611817618
0.8441853159097237
0.8567347611817618
0.8441853159097237
0.8529411764705882
0.8529411764705882
example1
0.8567347611817618
0.8705661070319025
0.8567347611817618
0.8441853159097237
0.8567347611817618
0.8567347611817618
0.8567347611817618
0.8627450980392157
0.8529411764705882
0.8705661070319025
example1
0.8178045247875448
0.8567347611817618
0.8441853159097237
0.8567347611817618
0.8705661070319025
0.8431372549019608
0.8567347611817618
0.8705661070319025
0.8529411764705882
0.8178045247875448
example1
0.8441853159097237
0.8299617998948318
0.8529411764705882
0.8627450980392157
0.8299617998948318
0.8567347611817618
0.8705661070319025
0.8299617998948318
0.875
0.8567347611817618
example1
0.8529411764705882
0.8441853159097237
0.875
0.8441853159097237
0.8567347611817618
0.8529411764705882
0.8178045247875448
0.8567347611817618
0.8705661070319025
0.8567347611817618
example1
0.8529411764705882
0.8705661070319025
0.8431372549019608
0.8705661070319025
0.8705661070319025
0.8567347611817618
0.8567347611817618
0.8178045247875448
0.8567347611817618
0.8299617998948318
example1
0.8567347611817618
0.8441853159097237
0.8705661070319025
0.8441853159097237
0.8441853159097237
0.8823529411764706
0.8725490196078431
0.8178045247875448
0.8441853159097237
0.8299617998948318
example1
0.8529411764705882
0.8299617998948318
0.8441853159097237
0.8567347611817618
0.8299617998948318
0.8567347611817618
0.8299617998948318
0.8441853159097237
0.8567347611817618
0.8567347611817618
example1
0.8333333333333334
0.8441853159097237
0.8529411764705882
0.8299617998948318
0.8567347611817618
0.8705661070319025
0.8441853159097237
0.8441853159097237
0.8441853159097237
0.8299617998948318
example1
0.8441853159097237
0.8529411764705882
0.8441853159097237
0.8725490196078431
0.8823529411764706
0.8567347611817618
0.8567347611817618
0.8567347611817618
0.8441853159097237
0.8299617998948318
example1
0.8705661070319025
0.8567347611817618
0.8627450980392157
0.8567347611817618
0.8299617998948318
0.8567347611817618
0.8178045247875448
0.8299617998948318
0.8567347611817618
0.8705661070319025
example1
0.8705661070319025
0.8705661070319025
0.8441853159097237
0.8431372549019608
0.8529411764705882
0.8441853159097237
0.8567347611817618
0.8567347611817618
0.8567347611817618
0.8705661070319025
example1
0.8835077224686919
0.8567347611817618
0.8441853159097237
0.8705661070319025
0.8705661070319025
0.8441853159097237
0.8567347611817618
0.8567347611817618
0.8529411764705882
0.8441853159097237
example1
0.8567347611817618
0.8705661070319025
0.8567347611817618
0.8567347611817618
0.8441853159097237
0.8441853159097237
0.8567347611817618
0.8431372549019608
0.8441853159097237
0.8567347611817618
example1
0.8567347611817618
0.8529411764705882
0.8705661070319025
0.8431372549019608
0.8567347611817618
0.8705661070319025
0.8529411764705882
0.8529411764705882
0.8431372549019608
0.8441853159097237
example1
0.8705661070319025
0.8705661070319025
0.8441853159097237
0.8299617998948318
0.8567347611817618
0.8725490196078431
0.8705661070319025
0.8705661070319025
0.8567347611817618
0.8567347611817618
example1
0.8567347611817618
0.8299617998948318
0.8299617998948318
0.8567347611817618
0.8567347611817618
0.8333333333333334
0.8705661070319025
0.8299617998948318
0.8441853159097237
0.8431372549019608
example1
0.8567347611817618
0.8567347611817618
0.8627450980392157
0.8567347611817618
0.8725490196078431
0.8441853159097237
0.8529411764705882
0.8431372549019608
0.8441853159097237
0.8299617998948318
example1
0.8705661070319025
0.8567347611817618
0.8705661070319025
0.8567347611817618
0.8567347611817618
0.8705661070319025
0.8333333333333334
0.8705661070319025
0.8441853159097237
0.8567347611817618



example1
Parameters: 1
upper limit: 5000.0
0.8299617998948318
0.8178045247875448
0.8705661070319025
0.8178045247875448
0.8567347611817618
0.8299617998948318
0.8441853159097237
0.8431372549019608
0.8441853159097237
0.8567347611817618
example1
Parameters: 2
upper limit: 5000.0
0.8299617998948318
0.8441853159097237
0.8567347611817618
0.8299617998948318
0.8178045247875448
0.8567347611817618
0.8441853159097237
0.8529411764705882
0.8333333333333334
0.8299617998948318
example1
Parameters: 3
upper limit: 5000.0
0.8567347611817618
0.8299617998948318
0.8299617998948318
0.8441853159097237
0.8705661070319025
0.8441853159097237
0.8705661070319025
0.8627450980392157
0.8529411764705882
0.8529411764705882
example1
Parameters: 4
upper limit: 5000.0
0.8567347611817618
0.8441853159097237
0.8627450980392157
0.8567347611817618
0.8567347611817618
0.8567347611817618
0.8299617998948318
0.8567347611817618
0.8529411764705882
0.8567347611817618
example1
Parameters: 5
upper limit: 5000.0
0.8431372549019608
0.8705661070319025
0.8441853159097237
0.8441853159097237
0.8627450980392157
0.8705661070319025
0.8299617998948318
0.8299617998948318
0.8299617998948318
0.8705661070319025
example1
Parameters: 6
upper limit: 5000.0
0.8567347611817618
0.8567347611817618
0.8567347611817618
0.8567347611817618
0.8299617998948318
0.8835077224686919
0.8299617998948318
0.8441853159097237
0.8441853159097237
0.8705661070319025
example1
Parameters: 7
upper limit: 5000.0
0.8567347611817618
0.8441853159097237
0.8441853159097237
0.8705661070319025
0.8567347611817618
0.8441853159097237
0.8567347611817618
0.8441853159097237
0.8529411764705882
0.8529411764705882
example1
Parameters: 8
upper limit: 5000.0
0.8567347611817618
0.8705661070319025
0.8567347611817618
0.8441853159097237
0.8567347611817618
0.8567347611817618
0.8567347611817618
0.8627450980392157
0.8529411764705882
0.8705661070319025
example1
Parameters: 9
upper limit: 5000.0
0.8178045247875448
0.8567347611817618
0.8441853159097237
0.8567347611817618
0.8705661070319025
0.8431372549019608
0.8567347611817618
0.8705661070319025
0.8529411764705882
0.8178045247875448
example1
Parameters: 10
upper limit: 5000.0
0.8441853159097237
0.8299617998948318
0.8529411764705882
0.8627450980392157
0.8299617998948318
0.8567347611817618
0.8705661070319025
0.8299617998948318
0.875
0.8567347611817618
example1
Parameters: 11
upper limit: 5000.0
0.8529411764705882
0.8441853159097237
0.875
0.8441853159097237
0.8567347611817618
0.8529411764705882
0.8178045247875448
0.8567347611817618
0.8705661070319025
0.8567347611817618
example1
Parameters: 12
upper limit: 5000.0
0.8529411764705882
0.8705661070319025
0.8431372549019608
0.8705661070319025
0.8705661070319025
0.8567347611817618
0.8567347611817618
0.8178045247875448
0.8567347611817618
0.8299617998948318
example1
Parameters: 13
upper limit: 5000.0
0.8567347611817618
0.8441853159097237
0.8705661070319025
0.8441853159097237
0.8441853159097237
0.8823529411764706
0.8725490196078431
0.8178045247875448
0.8441853159097237
0.8299617998948318
example1
Parameters: 14
upper limit: 5000.0
0.8529411764705882
0.8299617998948318
0.8441853159097237
0.8567347611817618
0.8299617998948318
0.8567347611817618
0.8299617998948318
0.8441853159097237
0.8567347611817618
0.8567347611817618
example1
Parameters: 15
upper limit: 5000.0
0.8333333333333334
0.8441853159097237
0.8529411764705882
0.8299617998948318
0.8567347611817618
0.8705661070319025
0.8441853159097237
0.8441853159097237
0.8441853159097237
0.8299617998948318
example1
Parameters: 16
upper limit: 5000.0
0.8441853159097237
0.8529411764705882
0.8441853159097237
0.8725490196078431
0.8823529411764706
0.8567347611817618
0.8567347611817618
0.8567347611817618
0.8441853159097237
0.8299617998948318
example1
Parameters: 17
upper limit: 5000.0
0.8705661070319025
0.8567347611817618
0.8627450980392157
0.8567347611817618
0.8299617998948318
0.8567347611817618
0.8178045247875448
0.8299617998948318
0.8567347611817618
0.8705661070319025
example1
Parameters: 18
upper limit: 5000.0
0.8705661070319025
0.8705661070319025
0.8441853159097237
0.8431372549019608
0.8529411764705882
0.8441853159097237
0.8567347611817618
0.8567347611817618
0.8567347611817618
0.8705661070319025
example1
Parameters: 19
upper limit: 5000.0
0.8835077224686919
0.8567347611817618
0.8441853159097237
0.8705661070319025
0.8705661070319025
0.8441853159097237
0.8567347611817618
0.8567347611817618
0.8529411764705882
0.8441853159097237
example1
Parameters: 20
upper limit: 5000.0
0.8567347611817618
0.8705661070319025
0.8567347611817618
0.8567347611817618
0.8441853159097237
0.8441853159097237
0.8567347611817618
0.8431372549019608
0.8441853159097237
0.8567347611817618
example1
Parameters: 21
upper limit: 5000.0
0.8567347611817618
0.8529411764705882
0.8705661070319025
0.8431372549019608
0.8567347611817618
0.8705661070319025
0.8529411764705882
0.8529411764705882
0.8431372549019608
0.8441853159097237
example1
Parameters: 22
upper limit: 5000.0
0.8705661070319025
0.8705661070319025
0.8441853159097237
0.8299617998948318
0.8567347611817618
0.8725490196078431
0.8705661070319025
0.8705661070319025
0.8567347611817618
0.8567347611817618
example1
Parameters: 23
upper limit: 5000.0
0.8567347611817618
0.8299617998948318
0.8299617998948318
0.8567347611817618
0.8567347611817618
0.8333333333333334
0.8705661070319025
0.8299617998948318
0.8441853159097237
0.8431372549019608
example1
Parameters: 24
upper limit: 5000.0
0.8567347611817618
0.8567347611817618
0.8627450980392157
0.8567347611817618
0.8725490196078431
0.8441853159097237
0.8529411764705882
0.8431372549019608
0.8441853159097237
0.8299617998948318
example1
Parameters: 25
upper limit: 5000.0
0.8705661070319025
0.8567347611817618
0.8705661070319025
0.8567347611817618
0.8567347611817618
0.8705661070319025
0.8333333333333334
0.8705661070319025
0.8441853159097237
0.8567347611817618
