example1
Parameters: 1
upper limit: 2000.0
0.23809523809523805
0.23076923076923078
0.2612338156861483
0.23076923076923078
0.22019249605778515
0.27926244904786496
0.19230769230769232
0.22339829236592376
0.19047619047619044
0.25
example1
Parameters: 2
upper limit: 2000.0
0.238095473205713
0.19626972740315637
0.21153846153846154
0.2024291497630727
0.18333333333333335
0.22807017543859648
0.17307692307692307
0.22222222222115395
0.18102883519116578
0.23076923076923078
example1
Parameters: 3
upper limit: 2000.0
0.21153846153846154
0.2539680655107898
0.22727298206852226
0.21052631578947367
0.21428571428571427
0.2076923077073339
0.21153846153846154
0.21161825741835177
0.23936170208960922
0.25396782429753034
example1
Parameters: 4
upper limit: 2000.0
0.18518518518518517
0.2116401996457006
0.2222222222222222
0.22807017543859648
0.2222222222222222
0.23076923076923078
0.19999999999999998
0.23803225285657137
0.21428571428571427
0.2224401810361366
example1
Parameters: 5
upper limit: 2000.0
0.25
0.24404572877456815
0.21052631578947367
0.18518518518518517
0.23076923076923078
0.24761924359083398
0.22921729129431023
0.25
0.23076923076923078
0.21713306676165586
example1
Parameters: 6
upper limit: 2000.0
0.2222222222222222
0.2741812641992438
0.22807017543859648
0.21818181818181812
0.24920634906586894
0.21153846153846154
0.19298245614035087
0.2
0.21052631578947495
0.2568667897820038
example1
Parameters: 7
upper limit: 2000.0
0.23809507492057724
0.22010268734258484
0.2222222222222222
0.24753217436768124
0.1818199388858658
0.25
0.2272744630234703
0.262707024528521
0.22807017543859648







