example1
Parameters: 1
7008:  [60, 156, 30, 16 ]
6942:  [60, 144, 30, 22 ]
6886:  [60, 144, 29, 22 ]
6841:  [60, 144, 29, 19 ]
6796:  [60, 144, 29, 16 ]
6790:  [59, 144, 29, 19 ]
6739:  [58, 144, 29, 19 ]
6484:  [29, 137, 49, 32 ]
6432:  [29, 133, 49, 32 ]
6376:  [29, 133, 48, 32 ]
6320:  [29, 133, 47, 32 ]
6299:  [28, 133, 47, 34 ]
6269:  [28, 133, 47, 32 ]
5957:  [33, 138, 40, 16 ]
GA:
5957:  [33, 138, 40, 16 ]
Parameters: 2
6385:  [46, 138, 35, 19 ]
6379:  [43, 132, 35, 34 ]
6154:  [43, 132, 35, 19 ]
6098:  [43, 132, 34, 19 ]
6042:  [43, 132, 33, 19 ]
6029:  [43, 131, 33, 19 ]
6016:  [43, 130, 33, 19 ]
6001:  [43, 130, 33, 18 ]
GA:
6001:  [43, 130, 33, 18 ]
Parameters: 3
6235:  [27, 134, 46, 36 ]
6222:  [27, 133, 46, 36 ]
6209:  [27, 132, 46, 36 ]
6196:  [27, 131, 46, 36 ]
6047:  [35, 150, 37, 16 ]
GA:
6047:  [35, 150, 37, 16 ]
Parameters: 4
GA:
6229:  [38, 124, 39, 33 ]
Parameters: 5
6494:  [31, 159, 46, 18 ]
6415:  [32, 149, 46, 18 ]
6364:  [31, 149, 46, 18 ]
6308:  [31, 149, 45, 18 ]
6206:  [29, 149, 45, 18 ]
6193:  [29, 148, 45, 18 ]
6152:  [29, 148, 44, 19 ]
6137:  [29, 148, 44, 18 ]
6081:  [29, 148, 43, 18 ]
6066:  [29, 148, 43, 17 ]
6015:  [29, 136, 43, 24 ]
GA:
6015:  [29, 136, 43, 24 ]
Parameters: 6
7774:  [50, 153, 50, 29 ]
7479:  [46, 146, 50, 29 ]
7237:  [55, 128, 43, 24 ]
6903:  [46, 156, 39, 23 ]
6523:  [46, 150, 32, 29 ]
6508:  [46, 150, 32, 28 ]
6449:  [44, 151, 32, 30 ]
6411:  [46, 154, 28, 33 ]
6321:  [46, 154, 28, 27 ]
6231:  [46, 154, 28, 21 ]
6200:  [48, 134, 30, 22 ]
6187:  [48, 133, 30, 22 ]
6174:  [48, 132, 30, 22 ]
6071:  [42, 137, 33, 20 ]
6020:  [41, 137, 33, 20 ]
6007:  [41, 136, 33, 20 ]
5951:  [41, 136, 32, 20 ]
5925:  [41, 134, 32, 20 ]
5912:  [41, 133, 32, 20 ]
GA:
5912:  [41, 133, 32, 20 ]
Parameters: 7
7556:  [61, 110, 45, 33 ]
7543:  [61, 109, 45, 33 ]
7376:  [42, 140, 54, 26 ]
6772:  [35, 144, 50, 21 ]
6549:  [32, 149, 50, 12 ]
6460:  [30, 150, 50, 12 ]
6455:  [31, 150, 49, 12 ]
6404:  [30, 150, 49, 12 ]
6348:  [30, 150, 48, 12 ]
6240:  [29, 139, 49, 14 ]
6227:  [29, 138, 49, 14 ]
6101:  [42, 141, 31, 26 ]
6032:  [38, 133, 35, 27 ]
6019:  [38, 132, 35, 27 ]
GA:
6019:  [38, 132, 35, 27 ]
Parameters: 8
6072:  [40, 132, 36, 20 ]
6059:  [40, 131, 36, 20 ]
5999:  [34, 137, 39, 20 ]
GA:
5999:  [34, 137, 39, 20 ]
Parameters: 9
6727:  [33, 147, 53, 11 ]
6705:  [33, 147, 51, 17 ]
6615:  [33, 147, 51, 11 ]
6576:  [33, 144, 51, 11 ]
6171:  [28, 139, 46, 24 ]
GA:
6171:  [28, 139, 46, 24 ]
Parameters: 10
7407:  [54, 147, 42, 26 ]
7197:  [56, 123, 42, 26 ]
6993:  [52, 123, 42, 26 ]
6980:  [52, 122, 42, 26 ]
6904:  [53, 122, 40, 25 ]
6853:  [52, 122, 40, 25 ]
6073:  [37, 141, 38, 15 ]
6060:  [37, 140, 38, 15 ]


4622
4390
4324
4139
4083
4029
3975
4001


example1
3936
3936
3936
4001
3936
3936
3936
3936
3936
3936
example1
3936
3936
4001
3936
3936
3936
3936
3936
3936
3936
example1
3936
3936
3936
3936
3936
3936
3936
3936
3936
3936
example1
3936
3936
3936
3936
3936
3936
3936
3936
3936
3936
example1
3936
3936
3936
4001
3936
3936
3936
3936
3936
3936
example1
3936
3936
3936
3936
3936
3936
3936
3936
3936
3936
example1
3936
3936
3936
3936
3936
3936
3936
3936
3936
3936
example1
3936
3936
3936
3936
3936
3936
3936
3936
3936
3936
example1
3936
3936
4001
3936
3936
3936
3936
3936
3936
3936
example1
3936
3936
3936
3936
3936
3936
4001
3936
4001
3936
example1
3936
3936
3936
3936
3936
3936
3936
3936
3936
3936
example1
3936
3936
3936
3936
3936
3936
3936
3936
3936
4001
example1
3936
3936
3936
3936
3936
3936
3936
3936
3936
3936
example1
3936
3936
3936
3936
3936
example1
3936
3936
3936
3936
3936
3936
3936
3936
3936
3936
example1
3936
3936
3936
3936
3936
3936
3936
3936
3936
3936
example1
3936
3936
3936
3936
3936
3936
3936
3936
3936
3936
example1
3936
3936
3936
3936
3936
3936
3936
3936
3936
3936
example1
3936
3936
3936
3936
3936
3936
3936
3936
3936
3936
example1
4001
3936
3936
3936
3936
3936
3936
3936
3936
3936
example1
3936
3936
3936
3936
3936
3936
3936
3936
3936
3936
example1
3936
3936
3936
3936
3936
3936
3936
3936
3936
3936
example1
4001
3936
3936
3936
3936
3936
3936
3936
3936
3936
example1
3936
3936
3936
3936
3936
3936
3936
3936
3936
3936
example1
3936
3936
3936
4001
3936
3936
3936
3936
3936




example1
Parameters: 1
3936
3936
3936
4001
3936
3936
3936
3936
3936
3936
example1
Parameters: 2
3936
3936
4001
3936
3936
3936
3936
3936
3936
3936
example1
Parameters: 3
3936
3936
3936
3936
3936
3936
3936
3936
3936
3936
example1
Parameters: 4
3936
3936
3936
3936
3936
3936
3936
3936
3936
3936
example1
Parameters: 5
3936
3936
3936
4001
3936
3936
3936
3936
3936
3936
example1
Parameters: 6
3936
3936
3936
3936
3936
3936
3936
3936
3936
3936
example1
Parameters: 7
3936
3936
3936
3936
3936
3936
3936
3936
3936
3936
example1
Parameters: 8
3936
3936
3936
3936
3936
3936
3936
3936
3936
3936
example1
Parameters: 9
3936
3936
4001
3936
3936
3936
3936
3936
3936
3936
example1
Parameters: 10
3936
3936
3936
3936
3936
3936
4001
3936
4001
3936
example1
Parameters: 11
3936
3936
3936
3936
3936
3936
3936
3936
3936
3936
example1
Parameters: 12
3936
3936
3936
3936
3936
3936
3936
3936
3936
4001
example1
Parameters: 13
3936
3936
3936
3936
3936
3936
3936
3936
3936
3936
example1
Parameters: 14
3936
3936
3936
3936
3936
example1
Parameters: 15
3936
3936
3936
3936
3936
3936
3936
3936
3936
3936
example1
Parameters: 16
3936
3936
3936
3936
3936
3936
3936
3936
3936
3936
example1
Parameters: 17
3936
3936
3936
3936
3936
3936
3936
3936
3936
3936
example1
Parameters: 18
3936
3936
3936
3936
3936
3936
3936
3936
3936
3936
example1
Parameters: 19
3936
3936
3936
3936
3936
3936
3936
3936
3936
3936
example1
Parameters: 20
4001
3936
3936
3936
3936
3936
3936
3936
3936
3936
example1
Parameters: 21
3936
3936
3936
3936
3936
3936
3936
3936
3936
3936
example1
Parameters: 22
3936
3936
3936
3936
3936
3936
3936
3936
3936
3936
example1
Parameters: 23
4001
3936
3936
3936
3936
3936
3936
3936
3936
3936
example1
Parameters: 24
3936
3936
3936
3936
3936
3936
3936
3936
3936
3936
example1
Parameters: 25
3936
3936
3936
4001
3936
3936
3936
3936
3936
