example1
Parameters: 1
4280
4280
4280
4280
4280
4280
4280
4280
4280
4280
example1
Parameters: 2
4280
4280
4280
4280
4280
4280
4280
4280
4280
4280
example1
Parameters: 3
4280
4280
4280
4280
4280
4280
4280
4280
4280
4280
example1
Parameters: 4
4280
4280
4280
4280
4280
4280
4280
4280
4280
4280
example1
Parameters: 5
4280
4280
4280
4280
4280
4280
4280
4280
4280
4280
example1
Parameters: 6
4280
4280
4280
4280
4280
4280
4280
4280
4280
4280
example1
Parameters: 7
4280
4280
4280
4280
4280
4280
4280
4280
4280
4280
example1
Parameters: 8
4280
4280
4280
4280
4280
4280
4280
4280
4280
4280
example1
Parameters: 9
4280
4280
4280
4280
