8001
7976
7946
7916
7886
7861


7836
7836
7886
7836
7886
7886
7836
7836
7836
7836
example1
7836
7836
7836
7836
7886
7836
7836
7836
7886
7836
example1
7836
7836
7836
7836
7886
7836
7836
7836
7836
7836
example1
7836
7836
7836
7836
7836
7886
7836
7836
7836
7836
example1
7836
7836
7836
7836
7836
7836
7836
7836
7836
7836
example1
7836
7836
7836
7836
7836
7836
7836
7836
7836
7836
example1
7836
7836
7836
7836
7836
7836
7836
7836
7836
7836
example1
7836
7836
7836
7836
7836
7836
7836
7836
7836
7836
example1
7836
7886
7886
7836
7836
7836
7836
7836
7836
7836
example1
7836
7836
7836
7836
7836
7836
7886
7836
7836
7836
example1
7836
7836
7836
7836
7836
7836
7836
7836
7836
7836
example1
7836
7836
7836
7836
7836
7836
7836
7836
7836
7836
example1
7836
7836
7836
7836
7836
7836
7836
7836
7836
7836
example1
7836
7836
7836
7836
7836
7836
7836
7836
7836
7836
example1
7836
7836
7836
7836
7836
7836
7836
7836
7836
7836
example1
7836
7836
7836
7836
7836
7836
7836
7836
7836
7836
example1
7836
7836
7836
7836
7836
7836
7836
7836
7836
7836
example1
7836
7836
7836
7836
7836
7836
7836
7836
7836
7836
example1
7836
7836
7836
7836
7836
7836
7836
7836
7836
7836
example1
7836
7836
7836
7836
7836
7836
7886
7836
7836
7836
example1
7836
7836
7836
7836
7836
7836
7836
7836
7836
7836
example1
7836
7836
7836
7836
7836
7836
7836
7836
7836
7836
example1
7836
7836
7886
7836
7836
7836
7836
7886
7836
7836
example1
7836
7836
7836
7836
7836
7836
7836
7886
7836
7836
example1
7836
7836
7836
7836
7836
7836
7836
7836
7836
7836


example1
Parameters: 1
7836
7836
7886
7836
7886
7886
7836
7836
7836
7836
example1
Parameters: 2
7836
7836
7836
7836
7886
7836
7836
7836
7886
7836
example1
Parameters: 3
7836
7836
7836
7836
7886
7836
7836
7836
7836
7836
example1
Parameters: 4
7836
7836
7836
7836
7836
7886
7836
7836
7836
7836
example1
Parameters: 5
7836
7836
7836
7836
7836
7836
7836
7836
7836
7836
example1
Parameters: 6
7836
7836
7836
7836
7836
7836
7836
7836
7836
7836
example1
Parameters: 7
7836
7836
7836
7836
7836
7836
7836
7836
7836
7836
example1
Parameters: 8
7836
7836
7836
7836
7836
7836
7836
7836
7836
7836
example1
Parameters: 9
7836
7886
7886
7836
7836
7836
7836
7836
7836
7836
example1
Parameters: 10
7836
7836
7836
7836
7836
7836
7886
7836
7836
7836
example1
Parameters: 11
7836
7836
7836
7836
7836
7836
7836
7836
7836
7836
example1
Parameters: 12
7836
7836
7836
7836
7836
7836
7836
7836
7836
7836
example1
Parameters: 13
7836
7836
7836
7836
7836
7836
7836
7836
7836
7836
example1
Parameters: 14
7836
7836
7836
7836
7836
7836
7836
7836
7836
7836
example1
Parameters: 15
7836
7836
7836
7836
7836
7836
7836
7836
7836
7836
example1
Parameters: 16
7836
7836
7836
7836
7836
7836
7836
7836
7836
7836
example1
Parameters: 17
7836
7836
7836
7836
7836
7836
7836
7836
7836
7836
example1
Parameters: 18
7836
7836
7836
7836
7836
7836
7836
7836
7836
7836
example1
Parameters: 19
7836
7836
7836
7836
7836
7836
7836
7836
7836
7836
example1
Parameters: 20
7836
7836
7836
7836
7836
7836
7886
7836
7836
7836
example1
Parameters: 21
7836
7836
7836
7836
7836
7836
7836
7836
7836
7836
example1
Parameters: 22
7836
7836
7836
7836
7836
7836
7836
7836
7836
7836
example1
Parameters: 23
7836
7836
7886
7836
7836
7836
7836
7886
7836
7836
example1
Parameters: 24
7836
7836
7836
7836
7836
7836
7836
7886
7836
7836
example1
Parameters: 25
7836
7836
7836
7836
7836
7836
7836
7836
7836
7836

